119
104
156
159
141
114
189
168
128
193
128
113
150
108
130
172
110
196
159
155
121
196
174
158
175
151
123
195
153
138
178
157
158
131
105
147
197
188
141
122
133
119
133
151
196
166
191
196
120
177
131
151
141
158
172
198
129
191
199
158
165
135
115
125
126
144
150
120
168
103
142
184
138
134
142
158
181
180
174
156
184
193
130
176
182
115
187
145
176
151
154
147
136
198
157
145
103
143
130
146
180
166
180
164
128
121
141
106
115
146
196
114
190
166
106
105
194
126
174
196
183
178
180
129
187
155
175
130
104
120
129
179
194
134
152
179
189
123
124
129
173
140
142
199
126
114
162
185
139
160
107
164
199
182
101
166
144
195
177
177
101
180
141
132
179
155
141
162
151
123
186
102
118
117
197
188
165
114
109
150
101
131
194
119
164
160
115
131
179
140
190
185
161
137
162
181
126
191
129
149
133
104
